0.977
1.356
4.105
4.073
4.053
4.026
4.009
3.983
3.966
3.94
3.923
3.899
3.882
3.867
3.834
3.827
3.801
3.787
3.771
3.748
3.739
3.721
3.705
3.968
4.237
4.241
4.232
4.248
4.291
4.298
4.307
4.316
4.333
4.339
4.35
4.363
4.372
4.389
4.397
4.413
4.429
4.438
4.455
4.471
4.486
4.503
4.519
4.535
4.552
4.576
4.592
4.607
4.636
4.653
4.673
4.694
4.708
4.731
4.759
4.776
4.802
4.825
4.852
4.876
4.899
4.921
4.96
4.98
5.011
5.04
5.069
5.092
5.132
5.161
5.187
5.218
5.259
5.287
5.323
5.356
5.389
5.432
5.468
5.457
5.41
5.363
5.317
5.27
5.213
5.181
5.129
5.093
5.049
5.012
4.975
4.927
4.882
4.847
4.817
4.778
4.739
4.706
4.675
4.636
4.605
4.575
4.549
4.52
4.494
4.478
4.429
4.405
4.387
4.353
4.33
4.303
4.277
4.251
4.226
4.209
4.185
4.167
4.142
4.125
4.1
4.083
4.057
4.041
4.025
4.008
3.987
3.967
3.949
3.941
3.926
3.912
3.881
3.865
3.976
8.183
8.183
8.183
8.183
8.183
8.191
8.183
8.183
8.183
8.183
3.741
3.705
3.701
3.707
3.721
8.183
8.183
8.183
8.183
8.183
8.183
8.189
8.187
8.189
3.66
3.657
3.619
3.613
3.621
3.621
3.614
3.609
3.609
3.599
3.599
3.599
3.6
3.591
3.6
3.6
3.593
3.592
3.599
3.591
3.598
3.598
3.599
3.597
3.599
3.599
3.6
3.6
3.601
3.609
3.61
3.61
3.616
3.616
3.619
3.627
3.656
3.658
3.669
3.677
3.681
3.684
3.706
3.709
3.721
3.73
3.739
3.738
3.738
3.738
3.748
3.758
3.768
3.754
3.763
3.769
3.787
3.8
3.809
3.821
3.834
3.852
3.791
3.763
3.871
3.728
3.665
3.656
3.68
3.696
3.703
3.163
3.115
3.123
3.148
3.133
3.026
2.994
2.976
3.223
3.248
3.264
3.28
3.296
2.663
2.56
2.515
2.503
2.526
2.537
2.554
2.568
2.586
2.603
2.62
2.638
2.655
2.673
2.69
2.705
2.729
2.752
2.764
2.755
2.728
2.696
2.678
2.649
2.631
2.604
2.586
2.571
2.546
2.53
2.51
2.485
2.47
2.453
2.434
2.419
2.401
2.378
2.364
2.351
2.329
2.313
2.298
2.283
2.274
2.256
2.247
2.23
2.219
2.203
2.195
2.186
2.176
2.158
2.152
2.135
2.128
2.118
2.109
2.1
2.082
2.062
2.057
2.04
2.032
2.024
2.016
2.016
2.009
2.03
2.095
2.147
2.191
2.196
4.949
4.933
4.916
4.905
4.897
4.879
4.862
4.824
4.79
4.801
8.191
8.191
8.191
8.191
8.191
8.191
8.191
8.191
8.191
4.662
8.191
8.191
8.191
8.191
8.191
8.191
8.191
8.191
8.191
8.191
8.191
2.214
2.203
2.203
2.203
2.203
2.207
2.213
2.212
1.077
